76
97
15
250
93
144
52
103
59
220
247
20
201
194
83
244
247
176
16
74
21
67
36
79
172
87
159
155
218
177
225
74
160
13
8
142
124
103
22
56
139
36
177
76
92
147
51
62
2
129
15
137
43
187
246
3
145
111
244
116
214
200
49
152
253
254
74
78
202
156
241
164
146
223
153
107
237
16
103
92
30
69
147
146
147
140
152
214
0
50
89
176
2
124
81
157
255
153
10
211
72
143
105
29
21
227
180
28
84
34
0
221
21
163
166
64
203
9
23
208
53
233
189
187
223
224
94
64
178
8
77
115
160
2
1
20
147
167
226
7
105
170
195
20
70
160
23
97
252
244
154
242
32
159
165
112
132
47
187
144
34
74
174
24
52
131
210
245
66
136
59
138
118
212
21
196
78
189
4
48
169
211
164
5
254
192
105
70
59
83
163
17
53
246
199
4
133
76
114
96
104
92
63
0
39
120
78
180
50
253
73
14
231
5
198
232
156
57
107
91
212
203
83
48
69
48
201
20
91
44
153
45
153
207
69
37
94
36
219
164
131
93
88
231
166
21
81
228
171
182
227
200
37
114
69
92
